0 0 0
0 0.014814814814814815 0
0 0.02962962962962963 0
0 0.044444444444444446 0
0 0.05925925925925926 0
0 0.07407407407407407 0
0 0.08888888888888888 0
0 0.10370370370370369 0
0 0.1185185185185185 0
0 0.1333333333333333 0
0 0.1481481481481481 0
0 0.16296296296296292 0
0 0.17777777777777773 0
0 0.19259259259259254 0
0 0.20740740740740735 0
0 0.22222222222222215 0
0 0.23703703703703696 0
0 0.25185185185185177 0
0 0.2666666666666666 0
0 0.28148148148148144 0
0 0.2962962962962963 0
0 0.3111111111111111 0
0 0.32592592592592595 0
0 0.3407407407407408 0
0 0.3555555555555556 0
0 0.37037037037037046 0
0 0.3851851851851853 0
0 0.40000000000000013 0
0 0.41481481481481497 0
0 0.4296296296296298 0
0 0.44444444444444464 0
0 0.4592592592592595 0
0 0.4740740740740743 0
0 0.48888888888888915 0
0 0.503703703703704 0
0 0.5185185185185188 0
0 0.5333333333333337 0
0 0.5481481481481485 0
0 0.5629629629629633 0
0 0.5777777777777782 0
0 0.592592592592593 0
0 0.6074074074074078 0
0 0.6222222222222227 0
0 0.6370370370370375 0
0 0.6518518518518523 0
0 0.6666666666666672 0
0 0.681481481481482 0
0 0.6962962962962969 0
0 0.7111111111111117 0
0 0.7259259259259265 0
0 0.7407407407407414 0
0 0.7555555555555562 0
0 0.770370370370371 0
0 0.7851851851851859 0
0 0.8000000000000007 0
0 0.8148148148148155 0
0 0.8296296296296304 0
0 0.8444444444444452 0
0 0.85925925925926 0
0 0.8740740740740749 0
0 0.8888888888888897 0
0 0.9037037037037046 0
0 0.9185185185185194 0
0 0.9333333333333342 0
0 0.9481481481481491 0
0 0.9629629629629639 0
0 0.9777777777777787 0
0 0.9925925925925936 0
0 1.0074074074074084 0
-0.014814814814814815 1.0074074074074084 0
-0.02962962962962963 1.0074074074074084 0
-0.044444444444444446 1.0074074074074084 0
-0.05925925925925926 1.0074074074074084 0
-0.07407407407407407 1.0074074074074084 0
-0.08888888888888888 1.0074074074074084 0
-0.10370370370370369 1.0074074074074084 0
-0.1185185185185185 1.0074074074074084 0
-0.1333333333333333 1.0074074074074084 0
-0.1481481481481481 1.0074074074074084 0
-0.16296296296296292 1.0074074074074084 0
-0.17777777777777773 1.0074074074074084 0
-0.19259259259259254 1.0074074074074084 0
-0.20740740740740735 1.0074074074074084 0
-0.22222222222222215 1.0074074074074084 0
-0.23703703703703696 1.0074074074074084 0
-0.25185185185185177 1.0074074074074084 0
-0.2666666666666666 1.0074074074074084 0
-0.28148148148148144 1.0074074074074084 0
-0.2962962962962963 1.0074074074074084 0
-0.3111111111111111 1.0074074074074084 0
-0.32592592592592595 1.0074074074074084 0
-0.3407407407407408 1.0074074074074084 0
-0.3555555555555556 1.0074074074074084 0
-0.37037037037037046 1.0074074074074084 0
-0.3851851851851853 1.0074074074074084 0
-0.40000000000000013 1.0074074074074084 0
-0.41481481481481497 1.0074074074074084 0
-0.4296296296296298 1.0074074074074084 0
-0.44444444444444464 1.0074074074074084 0
-0.4592592592592595 1.0074074074074084 0
-0.4740740740740743 1.0074074074074084 0
-0.48888888888888915 1.0074074074074084 0
-0.503703703703704 1.0074074074074084 0
-0.5185185185185188 1.0074074074074084 0
-0.5333333333333337 1.0074074074074084 0
-0.5481481481481485 1.0074074074074084 0
-0.5629629629629633 1.0074074074074084 0
-0.5777777777777782 1.0074074074074084 0
-0.592592592592593 1.0074074074074084 0
-0.6074074074074078 1.0074074074074084 0
-0.6222222222222227 1.0074074074074084 0
-0.6370370370370375 1.0074074074074084 0
-0.6518518518518523 1.0074074074074084 0
-0.6666666666666672 1.0074074074074084 0
-0.681481481481482 1.0074074074074084 0
-0.6962962962962969 1.0074074074074084 0
-0.7111111111111117 1.0074074074074084 0
-0.7259259259259265 1.0074074074074084 0
-0.7407407407407414 1.0074074074074084 0
-0.7555555555555562 1.0074074074074084 0
-0.770370370370371 1.0074074074074084 0
-0.7851851851851859 1.0074074074074084 0
-0.8000000000000007 1.0074074074074084 0
-0.8148148148148155 1.0074074074074084 0
-0.8296296296296304 1.0074074074074084 0
-0.8444444444444452 1.0074074074074084 0
-0.85925925925926 1.0074074074074084 0
-0.8740740740740749 1.0074074074074084 0
-0.8888888888888897 1.0074074074074084 0
-0.9037037037037046 1.0074074074074084 0
-0.9185185185185194 1.0074074074074084 0
-0.9333333333333342 1.0074074074074084 0
-0.9481481481481491 1.0074074074074084 0
-0.9629629629629639 1.0074074074074084 0
-0.9777777777777787 1.0074074074074084 0
-0.9925925925925936 1.0074074074074084 0
-1.0074074074074084 1.0074074074074084 0
-1.0074074074074084 0.9925925925925936 0
-1.0074074074074084 0.9777777777777787 0
-1.0074074074074084 0.9629629629629639 0
-1.0074074074074084 0.9481481481481491 0
-1.0074074074074084 0.9333333333333342 0
-1.0074074074074084 0.9185185185185194 0
-1.0074074074074084 0.9037037037037046 0
-1.0074074074074084 0.8888888888888897 0
-1.0074074074074084 0.8740740740740749 0
-1.0074074074074084 0.85925925925926 0
-1.0074074074074084 0.8444444444444452 0
-1.0074074074074084 0.8296296296296304 0
-1.0074074074074084 0.8148148148148155 0
-1.0074074074074084 0.8000000000000007 0
-1.0074074074074084 0.7851851851851859 0
-1.0074074074074084 0.770370370370371 0
-1.0074074074074084 0.7555555555555562 0
-1.0074074074074084 0.7407407407407414 0
-1.0074074074074084 0.7259259259259265 0
-1.0074074074074084 0.7111111111111117 0
-1.0074074074074084 0.6962962962962969 0
-1.0074074074074084 0.681481481481482 0
-1.0074074074074084 0.6666666666666672 0
-1.0074074074074084 0.6518518518518523 0
-1.0074074074074084 0.6370370370370375 0
-1.0074074074074084 0.6222222222222227 0
-1.0074074074074084 0.6074074074074078 0
-1.0074074074074084 0.592592592592593 0
-1.0074074074074084 0.5777777777777782 0
-1.0074074074074084 0.5629629629629633 0
-1.0074074074074084 0.5481481481481485 0
-1.0074074074074084 0.5333333333333337 0
-1.0074074074074084 0.5185185185185188 0
-1.0074074074074084 0.503703703703704 0
-1.0074074074074084 0.48888888888888915 0
-1.0074074074074084 0.4740740740740743 0
-1.0074074074074084 0.4592592592592595 0
-1.0074074074074084 0.44444444444444464 0
-1.0074074074074084 0.4296296296296298 0
-1.0074074074074084 0.41481481481481497 0
-1.0074074074074084 0.40000000000000013 0
-1.0074074074074084 0.3851851851851853 0
-1.0074074074074084 0.37037037037037046 0
-1.0074074074074084 0.3555555555555556 0
-1.0074074074074084 0.3407407407407408 0
-1.0074074074074084 0.32592592592592595 0
-1.0074074074074084 0.3111111111111111 0
-1.0074074074074084 0.2962962962962963 0
-1.0074074074074084 0.28148148148148144 0
-1.0074074074074084 0.2666666666666666 0
-1.0074074074074084 0.25185185185185177 0
-1.0074074074074084 0.23703703703703696 0
-1.0074074074074084 0.22222222222222215 0
-1.0074074074074084 0.20740740740740735 0
-1.0074074074074084 0.19259259259259254 0
-1.0074074074074084 0.17777777777777773 0
-1.0074074074074084 0.16296296296296292 0
-1.0074074074074084 0.1481481481481481 0
-1.0074074074074084 0.1333333333333333 0
-1.0074074074074084 0.1185185185185185 0
-1.0074074074074084 0.10370370370370369 0
-1.0074074074074084 0.08888888888888888 0
-1.0074074074074084 0.07407407407407407 0
-1.0074074074074084 0.059259259259259255 0
-1.0074074074074084 0.04444444444444444 0
-1.0074074074074084 0.029629629629629624 0
-1.0074074074074084 0.014814814814814808 0
-0.9925925925925936 0.014814814814814808 0
-0.9777777777777787 0.014814814814814808 0
-0.9629629629629639 0.014814814814814808 0
-0.9481481481481491 0.014814814814814808 0
-0.9333333333333342 0.014814814814814808 0
-0.9185185185185194 0.014814814814814808 0
-0.9037037037037046 0.014814814814814808 0
-0.8888888888888897 0.014814814814814808 0
-0.8740740740740749 0.014814814814814808 0
-0.85925925925926 0.014814814814814808 0
-0.8444444444444452 0.014814814814814808 0
-0.8296296296296304 0.014814814814814808 0
-0.8148148148148155 0.014814814814814808 0
-0.8000000000000007 0.014814814814814808 0
-0.7851851851851859 0.014814814814814808 0
-0.770370370370371 0.014814814814814808 0
-0.7555555555555562 0.014814814814814808 0
-0.7407407407407414 0.014814814814814808 0
-0.7259259259259265 0.014814814814814808 0
-0.7111111111111117 0.014814814814814808 0
-0.6962962962962969 0.014814814814814808 0
-0.681481481481482 0.014814814814814808 0
-0.6666666666666672 0.014814814814814808 0
-0.6518518518518523 0.014814814814814808 0
-0.6370370370370375 0.014814814814814808 0
-0.6222222222222227 0.014814814814814808 0
-0.6074074074074078 0.014814814814814808 0
-0.592592592592593 0.014814814814814808 0
-0.5777777777777782 0.014814814814814808 0
-0.5629629629629633 0.014814814814814808 0
-0.5481481481481485 0.014814814814814808 0
-0.5333333333333337 0.014814814814814808 0
-0.5185185185185188 0.014814814814814808 0
-0.503703703703704 0.014814814814814808 0
-0.48888888888888915 0.014814814814814808 0
-0.4740740740740743 0.014814814814814808 0
-0.4592592592592595 0.014814814814814808 0
-0.44444444444444464 0.014814814814814808 0
-0.4296296296296298 0.014814814814814808 0
-0.41481481481481497 0.014814814814814808 0
-0.40000000000000013 0.014814814814814808 0
-0.3851851851851853 0.014814814814814808 0
-0.37037037037037046 0.014814814814814808 0
-0.3555555555555556 0.014814814814814808 0
-0.3407407407407408 0.014814814814814808 0
-0.32592592592592595 0.014814814814814808 0
-0.3111111111111111 0.014814814814814808 0
-0.2962962962962963 0.014814814814814808 0
-0.28148148148148144 0.014814814814814808 0
-0.2666666666666666 0.014814814814814808 0
-0.25185185185185177 0.014814814814814808 0
-0.23703703703703696 0.014814814814814808 0
-0.22222222222222215 0.014814814814814808 0
-0.20740740740740735 0.014814814814814808 0
-0.19259259259259254 0.014814814814814808 0
-0.17777777777777773 0.014814814814814808 0
-0.16296296296296292 0.014814814814814808 0
-0.1481481481481481 0.014814814814814808 0
-0.1333333333333333 0.014814814814814808 0
-0.1185185185185185 0.014814814814814808 0
-0.10370370370370369 0.014814814814814808 0
-0.08888888888888888 0.014814814814814808 0
-0.07407407407407407 0.014814814814814808 0
-0.059259259259259255 0.014814814814814808 0
-0.04444444444444444 0.014814814814814808 0
-0.029629629629629624 0.014814814814814808 0
-0.014814814814814808 0.014814814814814808 0
6.938893903907228e-18 0.014814814814814808 0
6.938893903907228e-18 0.029629629629629624 0
6.938893903907228e-18 0.04444444444444444 0
6.938893903907228e-18 0.059259259259259255 0
6.938893903907228e-18 0.07407407407407407 0
6.938893903907228e-18 0.08888888888888888 0
6.938893903907228e-18 0.10370370370370369 0
6.938893903907228e-18 0.1185185185185185 0
6.938893903907228e-18 0.1333333333333333 0
6.938893903907228e-18 0.1481481481481481 0
6.938893903907228e-18 0.16296296296296292 0
6.938893903907228e-18 0.17777777777777773 0
6.938893903907228e-18 0.19259259259259254 0
6.938893903907228e-18 0.20740740740740735 0
6.938893903907228e-18 0.22222222222222215 0
6.938893903907228e-18 0.23703703703703696 0
6.938893903907228e-18 0.25185185185185177 0
6.938893903907228e-18 0.2666666666666666 0
6.938893903907228e-18 0.28148148148148144 0
6.938893903907228e-18 0.2962962962962963 0
6.938893903907228e-18 0.3111111111111111 0
6.938893903907228e-18 0.32592592592592595 0
6.938893903907228e-18 0.3407407407407408 0
6.938893903907228e-18 0.3555555555555556 0
6.938893903907228e-18 0.37037037037037046 0
6.938893903907228e-18 0.3851851851851853 0
6.938893903907228e-18 0.40000000000000013 0
6.938893903907228e-18 0.41481481481481497 0
6.938893903907228e-18 0.4296296296296298 0
6.938893903907228e-18 0.44444444444444464 0
6.938893903907228e-18 0.4592592592592595 0
6.938893903907228e-18 0.4740740740740743 0
6.938893903907228e-18 0.48888888888888915 0
6.938893903907228e-18 0.503703703703704 0
6.938893903907228e-18 0.5185185185185188 0
6.938893903907228e-18 0.5333333333333337 0
6.938893903907228e-18 0.5481481481481485 0
6.938893903907228e-18 0.5629629629629633 0
6.938893903907228e-18 0.5777777777777782 0
6.938893903907228e-18 0.592592592592593 0
6.938893903907228e-18 0.6074074074074078 0
6.938893903907228e-18 0.6222222222222227 0
6.938893903907228e-18 0.6370370370370375 0
6.938893903907228e-18 0.6518518518518523 0
6.938893903907228e-18 0.6666666666666672 0
6.938893903907228e-18 0.681481481481482 0
6.938893903907228e-18 0.6962962962962969 0
6.938893903907228e-18 0.7111111111111117 0
6.938893903907228e-18 0.7259259259259265 0
6.938893903907228e-18 0.7407407407407414 0
6.938893903907228e-18 0.7555555555555562 0
6.938893903907228e-18 0.770370370370371 0
6.938893903907228e-18 0.7851851851851859 0
6.938893903907228e-18 0.8000000000000007 0
6.938893903907228e-18 0.8148148148148155 0
6.938893903907228e-18 0.8296296296296304 0
6.938893903907228e-18 0.8444444444444452 0
6.938893903907228e-18 0.85925925925926 0
6.938893903907228e-18 0.8740740740740749 0
6.938893903907228e-18 0.8888888888888897 0
6.938893903907228e-18 0.9037037037037046 0
6.938893903907228e-18 0.9185185185185194 0
6.938893903907228e-18 0.9333333333333342 0
6.938893903907228e-18 0.9481481481481491 0
6.938893903907228e-18 0.9629629629629639 0
6.938893903907228e-18 0.9777777777777787 0
6.938893903907228e-18 0.9925925925925936 0
6.938893903907228e-18 1.0074074074074084 0
-0.014814814814814808 1.0074074074074084 0
-0.029629629629629624 1.0074074074074084 0
-0.04444444444444444 1.0074074074074084 0
-0.059259259259259255 1.0074074074074084 0
-0.07407407407407407 1.0074074074074084 0
-0.08888888888888888 1.0074074074074084 0
-0.10370370370370369 1.0074074074074084 0
-0.1185185185185185 1.0074074074074084 0
-0.1333333333333333 1.0074074074074084 0
-0.1481481481481481 1.0074074074074084 0
-0.16296296296296292 1.0074074074074084 0
-0.17777777777777773 1.0074074074074084 0
-0.19259259259259254 1.0074074074074084 0
-0.20740740740740735 1.0074074074074084 0
-0.22222222222222215 1.0074074074074084 0
-0.23703703703703696 1.0074074074074084 0
-0.25185185185185177 1.0074074074074084 0
-0.2666666666666666 1.0074074074074084 0
-0.28148148148148144 1.0074074074074084 0
-0.2962962962962963 1.0074074074074084 0
-0.3111111111111111 1.0074074074074084 0
-0.32592592592592595 1.0074074074074084 0
-0.3407407407407408 1.0074074074074084 0
-0.3555555555555556 1.0074074074074084 0
-0.37037037037037046 1.0074074074074084 0
-0.3851851851851853 1.0074074074074084 0
-0.40000000000000013 1.0074074074074084 0
-0.41481481481481497 1.0074074074074084 0
-0.4296296296296298 1.0074074074074084 0
-0.44444444444444464 1.0074074074074084 0
-0.4592592592592595 1.0074074074074084 0
-0.4740740740740743 1.0074074074074084 0
-0.48888888888888915 1.0074074074074084 0
-0.503703703703704 1.0074074074074084 0
-0.5185185185185188 1.0074074074074084 0
-0.5333333333333337 1.0074074074074084 0
-0.5481481481481485 1.0074074074074084 0
-0.5629629629629633 1.0074074074074084 0
-0.5777777777777782 1.0074074074074084 0
-0.592592592592593 1.0074074074074084 0
-0.6074074074074078 1.0074074074074084 0
-0.6222222222222227 1.0074074074074084 0
-0.6370370370370375 1.0074074074074084 0
-0.6518518518518523 1.0074074074074084 0
-0.6666666666666672 1.0074074074074084 0
-0.681481481481482 1.0074074074074084 0
-0.6962962962962969 1.0074074074074084 0
-0.7111111111111117 1.0074074074074084 0
-0.7259259259259265 1.0074074074074084 0
-0.7407407407407414 1.0074074074074084 0
-0.7555555555555562 1.0074074074074084 0
-0.770370370370371 1.0074074074074084 0
-0.7851851851851859 1.0074074074074084 0
-0.8000000000000007 1.0074074074074084 0
-0.8148148148148155 1.0074074074074084 0
-0.8296296296296304 1.0074074074074084 0
-0.8444444444444452 1.0074074074074084 0
-0.85925925925926 1.0074074074074084 0
-0.8740740740740749 1.0074074074074084 0
-0.8888888888888897 1.0074074074074084 0
-0.9037037037037046 1.0074074074074084 0
-0.9185185185185194 1.0074074074074084 0
-0.9333333333333342 1.0074074074074084 0
-0.9481481481481491 1.0074074074074084 0
-0.9629629629629639 1.0074074074074084 0
-0.9777777777777787 1.0074074074074084 0
-0.9925925925925936 1.0074074074074084 0
-1.0074074074074084 1.0074074074074084 0
-1.0074074074074084 0.9925925925925936 0
-1.0074074074074084 0.9777777777777787 0
-1.0074074074074084 0.9629629629629639 0
-1.0074074074074084 0.9481481481481491 0
-1.0074074074074084 0.9333333333333342 0
-1.0074074074074084 0.9185185185185194 0
-1.0074074074074084 0.9037037037037046 0
-1.0074074074074084 0.8888888888888897 0
-1.0074074074074084 0.8740740740740749 0
-1.0074074074074084 0.85925925925926 0
-1.0074074074074084 0.8444444444444452 0
-1.0074074074074084 0.8296296296296304 0
-1.0074074074074084 0.8148148148148155 0
-1.0074074074074084 0.8000000000000007 0
-1.0074074074074084 0.7851851851851859 0
-1.0074074074074084 0.770370370370371 0
-1.0074074074074084 0.7555555555555562 0
-1.0074074074074084 0.7407407407407414 0
-1.0074074074074084 0.7259259259259265 0
-1.0074074074074084 0.7111111111111117 0
-1.0074074074074084 0.6962962962962969 0
-1.0074074074074084 0.681481481481482 0
-1.0074074074074084 0.6666666666666672 0
-1.0074074074074084 0.6518518518518523 0
-1.0074074074074084 0.6370370370370375 0
-1.0074074074074084 0.6222222222222227 0
-1.0074074074074084 0.6074074074074078 0
-1.0074074074074084 0.592592592592593 0
-1.0074074074074084 0.5777777777777782 0
-1.0074074074074084 0.5629629629629633 0
-1.0074074074074084 0.5481481481481485 0
-1.0074074074074084 0.5333333333333337 0
-1.0074074074074084 0.5185185185185188 0
-1.0074074074074084 0.503703703703704 0
-1.0074074074074084 0.48888888888888915 0
-1.0074074074074084 0.4740740740740743 0
-1.0074074074074084 0.4592592592592595 0
-1.0074074074074084 0.44444444444444464 0
-1.0074074074074084 0.4296296296296298 0
-1.0074074074074084 0.41481481481481497 0
-1.0074074074074084 0.40000000000000013 0
-1.0074074074074084 0.3851851851851853 0
-1.0074074074074084 0.37037037037037046 0
-1.0074074074074084 0.3555555555555556 0
-1.0074074074074084 0.3407407407407408 0
-1.0074074074074084 0.32592592592592595 0
-1.0074074074074084 0.3111111111111111 0
-1.0074074074074084 0.2962962962962963 0
-1.0074074074074084 0.28148148148148144 0
-1.0074074074074084 0.2666666666666666 0
-1.0074074074074084 0.25185185185185177 0
-1.0074074074074084 0.23703703703703696 0
-1.0074074074074084 0.22222222222222215 0
-1.0074074074074084 0.20740740740740735 0
-1.0074074074074084 0.19259259259259254 0
-1.0074074074074084 0.17777777777777773 0
-1.0074074074074084 0.16296296296296292 0
-1.0074074074074084 0.1481481481481481 0
-1.0074074074074084 0.1333333333333333 0
-1.0074074074074084 0.1185185185185185 0
-1.0074074074074084 0.10370370370370369 0
-1.0074074074074084 0.08888888888888888 0
-1.0074074074074084 0.07407407407407407 0
-1.0074074074074084 0.059259259259259255 0
-1.0074074074074084 0.04444444444444444 0
-1.0074074074074084 0.029629629629629624 0
-1.0074074074074084 0.014814814814814808 0
-0.9925925925925936 0.014814814814814808 0
-0.9777777777777787 0.014814814814814808 0
-0.9629629629629639 0.014814814814814808 0
-0.9481481481481491 0.014814814814814808 0
-0.9333333333333342 0.014814814814814808 0
-0.9185185185185194 0.014814814814814808 0
-0.9037037037037046 0.014814814814814808 0
-0.8888888888888897 0.014814814814814808 0
-0.8740740740740749 0.014814814814814808 0
-0.85925925925926 0.014814814814814808 0
-0.8444444444444452 0.014814814814814808 0
-0.8296296296296304 0.014814814814814808 0
-0.8148148148148155 0.014814814814814808 0
-0.8000000000000007 0.014814814814814808 0
-0.7851851851851859 0.014814814814814808 0
-0.770370370370371 0.014814814814814808 0
-0.7555555555555562 0.014814814814814808 0
-0.7407407407407414 0.014814814814814808 0
-0.7259259259259265 0.014814814814814808 0
-0.7111111111111117 0.014814814814814808 0
-0.6962962962962969 0.014814814814814808 0
-0.681481481481482 0.014814814814814808 0
-0.6666666666666672 0.014814814814814808 0
-0.6518518518518523 0.014814814814814808 0
-0.6370370370370375 0.014814814814814808 0
-0.6222222222222227 0.014814814814814808 0
-0.6074074074074078 0.014814814814814808 0
-0.592592592592593 0.014814814814814808 0
-0.5777777777777782 0.014814814814814808 0
-0.5629629629629633 0.014814814814814808 0
-0.5481481481481485 0.014814814814814808 0
-0.5333333333333337 0.014814814814814808 0
-0.5185185185185188 0.014814814814814808 0
-0.503703703703704 0.014814814814814808 0
-0.48888888888888915 0.014814814814814808 0
-0.4740740740740743 0.014814814814814808 0
-0.4592592592592595 0.014814814814814808 0
-0.44444444444444464 0.014814814814814808 0
-0.4296296296296298 0.014814814814814808 0
-0.41481481481481497 0.014814814814814808 0
-0.40000000000000013 0.014814814814814808 0
-0.3851851851851853 0.014814814814814808 0
-0.37037037037037046 0.014814814814814808 0
-0.3555555555555556 0.014814814814814808 0
-0.3407407407407408 0.014814814814814808 0
-0.32592592592592595 0.014814814814814808 0
-0.3111111111111111 0.014814814814814808 0
-0.2962962962962963 0.014814814814814808 0
-0.28148148148148144 0.014814814814814808 0
-0.2666666666666666 0.014814814814814808 0
-0.25185185185185177 0.014814814814814808 0
-0.23703703703703696 0.014814814814814808 0
-0.22222222222222215 0.014814814814814808 0
-0.20740740740740735 0.014814814814814808 0
-0.19259259259259254 0.014814814814814808 0
-0.17777777777777773 0.014814814814814808 0
-0.16296296296296292 0.014814814814814808 0
-0.1481481481481481 0.014814814814814808 0
-0.1333333333333333 0.014814814814814808 0
-0.1185185185185185 0.014814814814814808 0
-0.10370370370370369 0.014814814814814808 0
-0.08888888888888888 0.014814814814814808 0
-0.07407407407407407 0.014814814814814808 0
-0.059259259259259255 0.014814814814814808 0
-0.04444444444444444 0.014814814814814808 0
-0.029629629629629624 0.014814814814814808 0
-0.014814814814814808 0.014814814814814808 0
6.938893903907228e-18 0.014814814814814808 0
6.938893903907228e-18 0.029629629629629624 0
6.938893903907228e-18 0.04444444444444444 0
6.938893903907228e-18 0.059259259259259255 0
6.938893903907228e-18 0.07407407407407407 0
6.938893903907228e-18 0.08888888888888888 0
6.938893903907228e-18 0.10370370370370369 0
6.938893903907228e-18 0.1185185185185185 0
6.938893903907228e-18 0.1333333333333333 0
6.938893903907228e-18 0.1481481481481481 0
6.938893903907228e-18 0.16296296296296292 0
6.938893903907228e-18 0.17777777777777773 0
6.938893903907228e-18 0.19259259259259254 0
6.938893903907228e-18 0.20740740740740735 0
6.938893903907228e-18 0.22222222222222215 0
6.938893903907228e-18 0.23703703703703696 0
6.938893903907228e-18 0.25185185185185177 0
6.938893903907228e-18 0.2666666666666666 0
6.938893903907228e-18 0.28148148148148144 0
6.938893903907228e-18 0.2962962962962963 0
6.938893903907228e-18 0.3111111111111111 0
6.938893903907228e-18 0.32592592592592595 0
6.938893903907228e-18 0.3407407407407408 0
6.938893903907228e-18 0.3555555555555556 0
6.938893903907228e-18 0.37037037037037046 0
6.938893903907228e-18 0.3851851851851853 0
6.938893903907228e-18 0.40000000000000013 0
6.938893903907228e-18 0.41481481481481497 0
6.938893903907228e-18 0.4296296296296298 0
6.938893903907228e-18 0.44444444444444464 0
6.938893903907228e-18 0.4592592592592595 0
6.938893903907228e-18 0.4740740740740743 0
6.938893903907228e-18 0.48888888888888915 0
6.938893903907228e-18 0.503703703703704 0
6.938893903907228e-18 0.5185185185185188 0
6.938893903907228e-18 0.5333333333333337 0
6.938893903907228e-18 0.5481481481481485 0
6.938893903907228e-18 0.5629629629629633 0
6.938893903907228e-18 0.5777777777777782 0
6.938893903907228e-18 0.592592592592593 0
6.938893903907228e-18 0.6074074074074078 0
6.938893903907228e-18 0.6222222222222227 0
6.938893903907228e-18 0.6370370370370375 0
6.938893903907228e-18 0.6518518518518523 0
6.938893903907228e-18 0.6666666666666672 0
6.938893903907228e-18 0.681481481481482 0
6.938893903907228e-18 0.6962962962962969 0
6.938893903907228e-18 0.7111111111111117 0
6.938893903907228e-18 0.7259259259259265 0
6.938893903907228e-18 0.7407407407407414 0
6.938893903907228e-18 0.7555555555555562 0
6.938893903907228e-18 0.770370370370371 0
6.938893903907228e-18 0.7851851851851859 0
6.938893903907228e-18 0.8000000000000007 0
6.938893903907228e-18 0.8148148148148155 0
6.938893903907228e-18 0.8296296296296304 0
6.938893903907228e-18 0.8444444444444452 0
6.938893903907228e-18 0.85925925925926 0
6.938893903907228e-18 0.8740740740740749 0
6.938893903907228e-18 0.8888888888888897 0
6.938893903907228e-18 0.9037037037037046 0
6.938893903907228e-18 0.9185185185185194 0
6.938893903907228e-18 0.9333333333333342 0
6.938893903907228e-18 0.9481481481481491 0
6.938893903907228e-18 0.9629629629629639 0
6.938893903907228e-18 0.9777777777777787 0
6.938893903907228e-18 0.9925925925925936 0
6.938893903907228e-18 1.0074074074074084 0
-0.014814814814814808 1.0074074074074084 0
-0.029629629629629624 1.0074074074074084 0
-0.04444444444444444 1.0074074074074084 0
-0.059259259259259255 1.0074074074074084 0
-0.07407407407407407 1.0074074074074084 0
-0.08888888888888888 1.0074074074074084 0
-0.10370370370370369 1.0074074074074084 0
-0.1185185185185185 1.0074074074074084 0
-0.1333333333333333 1.0074074074074084 0
-0.1481481481481481 1.0074074074074084 0
-0.16296296296296292 1.0074074074074084 0
-0.17777777777777773 1.0074074074074084 0
-0.19259259259259254 1.0074074074074084 0
-0.20740740740740735 1.0074074074074084 0
-0.22222222222222215 1.0074074074074084 0
-0.23703703703703696 1.0074074074074084 0
-0.25185185185185177 1.0074074074074084 0
-0.2666666666666666 1.0074074074074084 0
-0.28148148148148144 1.0074074074074084 0
-0.2962962962962963 1.0074074074074084 0
-0.3111111111111111 1.0074074074074084 0
-0.32592592592592595 1.0074074074074084 0
-0.3407407407407408 1.0074074074074084 0
-0.3555555555555556 1.0074074074074084 0
-0.37037037037037046 1.0074074074074084 0
-0.3851851851851853 1.0074074074074084 0
-0.40000000000000013 1.0074074074074084 0
-0.41481481481481497 1.0074074074074084 0
-0.4296296296296298 1.0074074074074084 0
-0.44444444444444464 1.0074074074074084 0
-0.4592592592592595 1.0074074074074084 0
-0.4740740740740743 1.0074074074074084 0
-0.48888888888888915 1.0074074074074084 0
-0.503703703703704 1.0074074074074084 0
-0.5185185185185188 1.0074074074074084 0
-0.5333333333333337 1.0074074074074084 0
-0.5481481481481485 1.0074074074074084 0
-0.5629629629629633 1.0074074074074084 0
-0.5777777777777782 1.0074074074074084 0
-0.592592592592593 1.0074074074074084 0
-0.6074074074074078 1.0074074074074084 0
-0.6222222222222227 1.0074074074074084 0
-0.6370370370370375 1.0074074074074084 0
-0.6518518518518523 1.0074074074074084 0
-0.6666666666666672 1.0074074074074084 0
-0.681481481481482 1.0074074074074084 0
-0.6962962962962969 1.0074074074074084 0
-0.7111111111111117 1.0074074074074084 0
-0.7259259259259265 1.0074074074074084 0
-0.7407407407407414 1.0074074074074084 0
-0.7555555555555562 1.0074074074074084 0
-0.770370370370371 1.0074074074074084 0
-0.7851851851851859 1.0074074074074084 0
-0.8000000000000007 1.0074074074074084 0
-0.8148148148148155 1.0074074074074084 0
-0.8296296296296304 1.0074074074074084 0
-0.8444444444444452 1.0074074074074084 0
-0.85925925925926 1.0074074074074084 0
-0.8740740740740749 1.0074074074074084 0
-0.8888888888888897 1.0074074074074084 0
-0.9037037037037046 1.0074074074074084 0
-0.9185185185185194 1.0074074074074084 0
-0.9333333333333342 1.0074074074074084 0
-0.9481481481481491 1.0074074074074084 0
-0.9629629629629639 1.0074074074074084 0
-0.9777777777777787 1.0074074074074084 0
-0.9925925925925936 1.0074074074074084 0
-1.0074074074074084 1.0074074074074084 0
-1.0074074074074084 0.9925925925925936 0
-1.0074074074074084 0.9777777777777787 0
-1.0074074074074084 0.9629629629629639 0
-1.0074074074074084 0.9481481481481491 0
-1.0074074074074084 0.9333333333333342 0
-1.0074074074074084 0.9185185185185194 0
-1.0074074074074084 0.9037037037037046 0
-1.0074074074074084 0.8888888888888897 0
-1.0074074074074084 0.8740740740740749 0
-1.0074074074074084 0.85925925925926 0
-1.0074074074074084 0.8444444444444452 0
-1.0074074074074084 0.8296296296296304 0
-1.0074074074074084 0.8148148148148155 0
-1.0074074074074084 0.8000000000000007 0
-1.0074074074074084 0.7851851851851859 0
-1.0074074074074084 0.770370370370371 0
-1.0074074074074084 0.7555555555555562 0
-1.0074074074074084 0.7407407407407414 0
-1.0074074074074084 0.7259259259259265 0
-1.0074074074074084 0.7111111111111117 0
-1.0074074074074084 0.6962962962962969 0
-1.0074074074074084 0.681481481481482 0
-1.0074074074074084 0.6666666666666672 0
-1.0074074074074084 0.6518518518518523 0
-1.0074074074074084 0.6370370370370375 0
-1.0074074074074084 0.6222222222222227 0
-1.0074074074074084 0.6074074074074078 0
-1.0074074074074084 0.592592592592593 0
-1.0074074074074084 0.5777777777777782 0
-1.0074074074074084 0.5629629629629633 0
-1.0074074074074084 0.5481481481481485 0
-1.0074074074074084 0.5333333333333337 0
-1.0074074074074084 0.5185185185185188 0
-1.0074074074074084 0.503703703703704 0
-1.0074074074074084 0.48888888888888915 0
-1.0074074074074084 0.4740740740740743 0
-1.0074074074074084 0.4592592592592595 0
-1.0074074074074084 0.44444444444444464 0
-1.0074074074074084 0.4296296296296298 0
-1.0074074074074084 0.41481481481481497 0
-1.0074074074074084 0.40000000000000013 0
-1.0074074074074084 0.3851851851851853 0
-1.0074074074074084 0.37037037037037046 0
-1.0074074074074084 0.3555555555555556 0
-1.0074074074074084 0.3407407407407408 0
-1.0074074074074084 0.32592592592592595 0
-1.0074074074074084 0.3111111111111111 0
-1.0074074074074084 0.2962962962962963 0
-1.0074074074074084 0.28148148148148144 0
-1.0074074074074084 0.2666666666666666 0
-1.0074074074074084 0.25185185185185177 0
-1.0074074074074084 0.23703703703703696 0
-1.0074074074074084 0.22222222222222215 0
-1.0074074074074084 0.20740740740740735 0
-1.0074074074074084 0.19259259259259254 0
-1.0074074074074084 0.17777777777777773 0
-1.0074074074074084 0.16296296296296292 0
-1.0074074074074084 0.1481481481481481 0
-1.0074074074074084 0.1333333333333333 0
-1.0074074074074084 0.1185185185185185 0
-1.0074074074074084 0.10370370370370369 0
-1.0074074074074084 0.08888888888888888 0
-1.0074074074074084 0.07407407407407407 0
-1.0074074074074084 0.059259259259259255 0
-1.0074074074074084 0.04444444444444444 0
-1.0074074074074084 0.029629629629629624 0
-1.0074074074074084 0.014814814814814808 0
-0.9925925925925936 0.014814814814814808 0
-0.9777777777777787 0.014814814814814808 0
-0.9629629629629639 0.014814814814814808 0
-0.9481481481481491 0.014814814814814808 0
-0.9333333333333342 0.014814814814814808 0
-0.9185185185185194 0.014814814814814808 0
-0.9037037037037046 0.014814814814814808 0
-0.8888888888888897 0.014814814814814808 0
-0.8740740740740749 0.014814814814814808 0
-0.85925925925926 0.014814814814814808 0
-0.8444444444444452 0.014814814814814808 0
-0.8296296296296304 0.014814814814814808 0
-0.8148148148148155 0.014814814814814808 0
-0.8000000000000007 0.014814814814814808 0
-0.7851851851851859 0.014814814814814808 0
-0.770370370370371 0.014814814814814808 0
-0.7555555555555562 0.014814814814814808 0
-0.7407407407407414 0.014814814814814808 0
-0.7259259259259265 0.014814814814814808 0
-0.7111111111111117 0.014814814814814808 0
-0.6962962962962969 0.014814814814814808 0
-0.681481481481482 0.014814814814814808 0
-0.6666666666666672 0.014814814814814808 0
-0.6518518518518523 0.014814814814814808 0
-0.6370370370370375 0.014814814814814808 0
-0.6222222222222227 0.014814814814814808 0
-0.6074074074074078 0.014814814814814808 0
-0.592592592592593 0.014814814814814808 0
-0.5777777777777782 0.014814814814814808 0
-0.5629629629629633 0.014814814814814808 0
-0.5481481481481485 0.014814814814814808 0
-0.5333333333333337 0.014814814814814808 0
-0.5185185185185188 0.014814814814814808 0
-0.503703703703704 0.014814814814814808 0
-0.48888888888888915 0.014814814814814808 0
-0.4740740740740743 0.014814814814814808 0
-0.4592592592592595 0.014814814814814808 0
-0.44444444444444464 0.014814814814814808 0
-0.4296296296296298 0.014814814814814808 0
-0.41481481481481497 0.014814814814814808 0
-0.40000000000000013 0.014814814814814808 0
-0.3851851851851853 0.014814814814814808 0
-0.37037037037037046 0.014814814814814808 0
-0.3555555555555556 0.014814814814814808 0
-0.3407407407407408 0.014814814814814808 0
-0.32592592592592595 0.014814814814814808 0
-0.3111111111111111 0.014814814814814808 0
-0.2962962962962963 0.014814814814814808 0
-0.28148148148148144 0.014814814814814808 0
-0.2666666666666666 0.014814814814814808 0
-0.25185185185185177 0.014814814814814808 0
-0.23703703703703696 0.014814814814814808 0
-0.22222222222222215 0.014814814814814808 0
-0.20740740740740735 0.014814814814814808 0
-0.19259259259259254 0.014814814814814808 0
-0.17777777777777773 0.014814814814814808 0
-0.16296296296296292 0.014814814814814808 0
-0.1481481481481481 0.014814814814814808 0
-0.1333333333333333 0.014814814814814808 0
-0.1185185185185185 0.014814814814814808 0
-0.10370370370370369 0.014814814814814808 0
-0.08888888888888888 0.014814814814814808 0
-0.07407407407407407 0.014814814814814808 0
-0.059259259259259255 0.014814814814814808 0
-0.04444444444444444 0.014814814814814808 0
-0.029629629629629624 0.014814814814814808 0
-0.014814814814814808 0.014814814814814808 0
6.938893903907228e-18 0.014814814814814808 0
6.938893903907228e-18 0.014814814814814808 0
6.938893903907228e-18 0.014814814814814808 0
6.938893903907228e-18 0.014814814814814808 0
6.938893903907228e-18 0.014814814814814808 0
6.938893903907228e-18 0.014814814814814808 0
6.938893903907228e-18 0.014814814814814808 0
6.938893903907228e-18 0.014814814814814808 0
6.938893903907228e-18 0.014814814814814808 0
6.938893903907228e-18 0.014814814814814808 0
6.938893903907228e-18 0.014814814814814808 0
6.938893903907228e-18 0.014814814814814808 0
6.938893903907228e-18 0.014814814814814808 0
6.938893903907228e-18 0.014814814814814808 0
6.938893903907228e-18 0.014814814814814808 0
6.938893903907228e-18 0.014814814814814808 0
6.938893903907228e-18 0.014814814814814808 0
6.938893903907228e-18 0.014814814814814808 0
6.938893903907228e-18 0.014814814814814808 0
6.938893903907228e-18 0.014814814814814808 0
6.938893903907228e-18 0.014814814814814808 0
6.938893903907228e-18 0.014814814814814808 0
6.938893903907228e-18 0.014814814814814808 0
6.938893903907228e-18 0.014814814814814808 0
6.938893903907228e-18 0.014814814814814808 0
6.938893903907228e-18 0.014814814814814808 0
6.938893903907228e-18 0.014814814814814808 0
6.938893903907228e-18 0.014814814814814808 0
6.938893903907228e-18 0.014814814814814808 0
6.938893903907228e-18 0.014814814814814808 0
6.938893903907228e-18 0.014814814814814808 0
6.938893903907228e-18 0.014814814814814808 0
6.938893903907228e-18 0.014814814814814808 0
6.938893903907228e-18 0.014814814814814808 0
6.938893903907228e-18 0.014814814814814808 0
6.938893903907228e-18 0.014814814814814808 0
6.938893903907228e-18 0.014814814814814808 0
6.938893903907228e-18 0.014814814814814808 0
6.938893903907228e-18 0.014814814814814808 0
6.938893903907228e-18 0.014814814814814808 0
6.938893903907228e-18 0.014814814814814808 0
6.938893903907228e-18 0.014814814814814808 0
6.938893903907228e-18 0.014814814814814808 0
6.938893903907228e-18 0.014814814814814808 0
6.938893903907228e-18 0.014814814814814808 0
6.938893903907228e-18 0.014814814814814808 0
6.938893903907228e-18 0.014814814814814808 0
6.938893903907228e-18 0.014814814814814808 0
6.938893903907228e-18 0.014814814814814808 0
6.938893903907228e-18 0.014814814814814808 0
6.938893903907228e-18 0.014814814814814808 0
6.938893903907228e-18 0.014814814814814808 0
6.938893903907228e-18 0.014814814814814808 0
6.938893903907228e-18 0.014814814814814808 0
6.938893903907228e-18 0.014814814814814808 0
6.938893903907228e-18 0.014814814814814808 0
6.938893903907228e-18 0.014814814814814808 0
6.938893903907228e-18 0.014814814814814808 0
6.938893903907228e-18 0.014814814814814808 0
6.938893903907228e-18 0.014814814814814808 0
6.938893903907228e-18 0.014814814814814808 0
6.938893903907228e-18 0.014814814814814808 0
6.938893903907228e-18 0.014814814814814808 0
6.938893903907228e-18 0.014814814814814808 0
6.938893903907228e-18 0.014814814814814808 0
6.938893903907228e-18 0.014814814814814808 0
6.938893903907228e-18 0.014814814814814808 0
6.938893903907228e-18 0.014814814814814808 0
6.938893903907228e-18 0.014814814814814808 0
6.938893903907228e-18 0.014814814814814808 0
6.938893903907228e-18 0.014814814814814808 0
6.938893903907228e-18 0.014814814814814808 0
6.938893903907228e-18 0.014814814814814808 0
6.938893903907228e-18 0.014814814814814808 0
6.938893903907228e-18 0.014814814814814808 0
6.938893903907228e-18 0.014814814814814808 0
6.938893903907228e-18 0.014814814814814808 0
6.938893903907228e-18 0.014814814814814808 0
6.938893903907228e-18 0.014814814814814808 0
6.938893903907228e-18 0.014814814814814808 0
6.938893903907228e-18 0.014814814814814808 0
6.938893903907228e-18 0.014814814814814808 0
6.938893903907228e-18 0.014814814814814808 0
6.938893903907228e-18 0.014814814814814808 0
6.938893903907228e-18 0.014814814814814808 0
6.938893903907228e-18 0.014814814814814808 0
6.938893903907228e-18 0.014814814814814808 0
6.938893903907228e-18 0.014814814814814808 0
6.938893903907228e-18 0.014814814814814808 0
6.938893903907228e-18 0.014814814814814808 0
6.938893903907228e-18 0.014814814814814808 0
6.938893903907228e-18 0.014814814814814808 0
6.938893903907228e-18 0.014814814814814808 0
6.938893903907228e-18 0.014814814814814808 0
6.938893903907228e-18 0.014814814814814808 0
6.938893903907228e-18 0.014814814814814808 0
6.938893903907228e-18 0.014814814814814808 0
6.938893903907228e-18 0.014814814814814808 0
6.938893903907228e-18 0.014814814814814808 0
6.938893903907228e-18 0.014814814814814808 0
6.938893903907228e-18 0.014814814814814808 0
6.938893903907228e-18 0.014814814814814808 0
6.938893903907228e-18 0.014814814814814808 0
6.938893903907228e-18 0.014814814814814808 0
6.938893903907228e-18 0.014814814814814808 0
6.938893903907228e-18 0.014814814814814808 0
6.938893903907228e-18 0.014814814814814808 0
6.938893903907228e-18 0.014814814814814808 0
6.938893903907228e-18 0.014814814814814808 0
6.938893903907228e-18 0.014814814814814808 0
6.938893903907228e-18 0.014814814814814808 0
6.938893903907228e-18 0.014814814814814808 0
6.938893903907228e-18 0.014814814814814808 0
6.938893903907228e-18 0.014814814814814808 0
6.938893903907228e-18 0.014814814814814808 0
6.938893903907228e-18 0.014814814814814808 0
6.938893903907228e-18 0.014814814814814808 0
6.938893903907228e-18 0.014814814814814808 0
6.938893903907228e-18 0.014814814814814808 0
6.938893903907228e-18 0.014814814814814808 0
6.938893903907228e-18 0.014814814814814808 0
6.938893903907228e-18 0.014814814814814808 0
6.938893903907228e-18 0.014814814814814808 0
6.938893903907228e-18 0.014814814814814808 0
6.938893903907228e-18 0.014814814814814808 0
6.938893903907228e-18 0.014814814814814808 0
6.938893903907228e-18 0.014814814814814808 0
6.938893903907228e-18 0.014814814814814808 0
6.938893903907228e-18 0.014814814814814808 0
6.938893903907228e-18 0.014814814814814808 0
6.938893903907228e-18 0.014814814814814808 0
6.938893903907228e-18 0.014814814814814808 0
6.938893903907228e-18 0.014814814814814808 0
6.938893903907228e-18 0.014814814814814808 0
6.938893903907228e-18 0.014814814814814808 0
6.938893903907228e-18 0.014814814814814808 0
6.938893903907228e-18 0.014814814814814808 0
6.938893903907228e-18 0.014814814814814808 0
6.938893903907228e-18 0.014814814814814808 0
6.938893903907228e-18 0.014814814814814808 0
6.938893903907228e-18 0.014814814814814808 0
6.938893903907228e-18 0.014814814814814808 0
6.938893903907228e-18 0.014814814814814808 0
6.938893903907228e-18 0.014814814814814808 0
6.938893903907228e-18 0.014814814814814808 0
6.938893903907228e-18 0.014814814814814808 0
6.938893903907228e-18 0.014814814814814808 0
6.938893903907228e-18 0.014814814814814808 0
6.938893903907228e-18 0.014814814814814808 0
6.938893903907228e-18 0.014814814814814808 0
6.938893903907228e-18 0.014814814814814808 0
6.938893903907228e-18 0.014814814814814808 0
6.938893903907228e-18 0.014814814814814808 0
6.938893903907228e-18 0.014814814814814808 0
6.938893903907228e-18 0.014814814814814808 0
6.938893903907228e-18 0.014814814814814808 0
6.938893903907228e-18 0.014814814814814808 0
6.938893903907228e-18 0.014814814814814808 0
6.938893903907228e-18 0.014814814814814808 0
6.938893903907228e-18 0.014814814814814808 0
6.938893903907228e-18 0.014814814814814808 0
6.938893903907228e-18 0.014814814814814808 0
6.938893903907228e-18 0.014814814814814808 0
6.938893903907228e-18 0.014814814814814808 0
6.938893903907228e-18 0.014814814814814808 0
6.938893903907228e-18 0.014814814814814808 0
6.938893903907228e-18 0.014814814814814808 0
6.938893903907228e-18 0.014814814814814808 0
6.938893903907228e-18 0.014814814814814808 0
6.938893903907228e-18 0.014814814814814808 0
6.938893903907228e-18 0.014814814814814808 0
6.938893903907228e-18 0.014814814814814808 0
6.938893903907228e-18 0.014814814814814808 0
6.938893903907228e-18 0.014814814814814808 0
6.938893903907228e-18 0.014814814814814808 0
6.938893903907228e-18 0.014814814814814808 0
6.938893903907228e-18 0.014814814814814808 0
6.938893903907228e-18 0.014814814814814808 0
6.938893903907228e-18 0.014814814814814808 0
6.938893903907228e-18 0.014814814814814808 0
6.938893903907228e-18 0.014814814814814808 0
6.938893903907228e-18 0.014814814814814808 0
6.938893903907228e-18 0.014814814814814808 0
6.938893903907228e-18 0.014814814814814808 0
6.938893903907228e-18 0.014814814814814808 0
6.938893903907228e-18 0.014814814814814808 0
6.938893903907228e-18 0.014814814814814808 0
6.938893903907228e-18 0.014814814814814808 0
6.938893903907228e-18 0.014814814814814808 0
6.938893903907228e-18 0.014814814814814808 0
6.938893903907228e-18 0.014814814814814808 0
6.938893903907228e-18 0.014814814814814808 0
6.938893903907228e-18 0.014814814814814808 0
6.938893903907228e-18 0.014814814814814808 0
6.938893903907228e-18 0.014814814814814808 0
6.938893903907228e-18 0.014814814814814808 0
6.938893903907228e-18 0.014814814814814808 0
6.938893903907228e-18 0.014814814814814808 0
6.938893903907228e-18 0.014814814814814808 0
6.938893903907228e-18 0.014814814814814808 0
6.938893903907228e-18 0.014814814814814808 0
6.938893903907228e-18 0.014814814814814808 0
6.938893903907228e-18 0.014814814814814808 0
6.938893903907228e-18 0.014814814814814808 0
6.938893903907228e-18 0.014814814814814808 0
6.938893903907228e-18 0.014814814814814808 0
6.938893903907228e-18 0.014814814814814808 0
6.938893903907228e-18 0.014814814814814808 0
6.938893903907228e-18 0.014814814814814808 0
6.938893903907228e-18 0.014814814814814808 0
6.938893903907228e-18 0.014814814814814808 0
6.938893903907228e-18 0.014814814814814808 0
6.938893903907228e-18 0.014814814814814808 0
6.938893903907228e-18 0.014814814814814808 0
6.938893903907228e-18 0.014814814814814808 0
6.938893903907228e-18 0.014814814814814808 0
6.938893903907228e-18 0.014814814814814808 0
6.938893903907228e-18 0.014814814814814808 0
6.938893903907228e-18 0.014814814814814808 0
6.938893903907228e-18 0.014814814814814808 0
6.938893903907228e-18 0.014814814814814808 0
6.938893903907228e-18 0.014814814814814808 0
6.938893903907228e-18 0.014814814814814808 0
6.938893903907228e-18 0.014814814814814808 0
6.938893903907228e-18 0.014814814814814808 0
6.938893903907228e-18 0.014814814814814808 0
6.938893903907228e-18 0.014814814814814808 0
6.938893903907228e-18 0.014814814814814808 0
6.938893903907228e-18 0.014814814814814808 0
6.938893903907228e-18 0.014814814814814808 0
6.938893903907228e-18 0.014814814814814808 0
6.938893903907228e-18 0.014814814814814808 0
6.938893903907228e-18 0.014814814814814808 0
6.938893903907228e-18 0.014814814814814808 0
6.938893903907228e-18 0.014814814814814808 0
6.938893903907228e-18 0.014814814814814808 0
6.938893903907228e-18 0.014814814814814808 0
6.938893903907228e-18 0.014814814814814808 0
6.938893903907228e-18 0.014814814814814808 0
6.938893903907228e-18 0.014814814814814808 0
6.938893903907228e-18 0.014814814814814808 0
6.938893903907228e-18 0.014814814814814808 0
6.938893903907228e-18 0.014814814814814808 0
6.938893903907228e-18 0.014814814814814808 0
6.938893903907228e-18 0.014814814814814808 0
6.938893903907228e-18 0.014814814814814808 0
6.938893903907228e-18 0.014814814814814808 0
6.938893903907228e-18 0.014814814814814808 0
6.938893903907228e-18 0.014814814814814808 0
6.938893903907228e-18 0.014814814814814808 0
6.938893903907228e-18 0.014814814814814808 0
6.938893903907228e-18 0.014814814814814808 0
6.938893903907228e-18 0.014814814814814808 0
6.938893903907228e-18 0.014814814814814808 0
6.938893903907228e-18 0.014814814814814808 0
6.938893903907228e-18 0.014814814814814808 0
6.938893903907228e-18 0.014814814814814808 0
6.938893903907228e-18 0.014814814814814808 0
6.938893903907228e-18 0.014814814814814808 0
6.938893903907228e-18 0.014814814814814808 0
6.938893903907228e-18 0.014814814814814808 0
6.938893903907228e-18 0.014814814814814808 0
6.938893903907228e-18 0.014814814814814808 0
6.938893903907228e-18 0.014814814814814808 0
6.938893903907228e-18 0.014814814814814808 0
6.938893903907228e-18 0.014814814814814808 0
6.938893903907228e-18 0.014814814814814808 0
6.938893903907228e-18 0.014814814814814808 0
6.938893903907228e-18 0.014814814814814808 0
6.938893903907228e-18 0.014814814814814808 0
