0 0 0
0.056338028169014086 0 0
0.11267605633802817 0 0
0.16901408450704225 0 0
0.22535211267605634 0 0
0.28169014084507044 0 0
0.3380281690140845 0 0
0.39436619718309857 0 0
0.45070422535211263 0 0
0.5070422535211268 0 0
0.5633802816901409 0 0
0.619718309859155 0 0
0.6760563380281691 0 0
0.7323943661971832 0 0
0.7887323943661974 0 0
0.8450704225352115 0 0
0.9014084507042256 0 0
0.9577464788732397 0 0
1.0140845070422537 0 0
1.0140845070422537 0.056338028169014086 0
1.0140845070422537 0.11267605633802817 0
1.0140845070422537 0.16901408450704225 0
1.0140845070422537 0.22535211267605634 0
1.0140845070422537 0.28169014084507044 0
1.0140845070422537 0.3380281690140845 0
1.0140845070422537 0.39436619718309857 0
1.0140845070422537 0.45070422535211263 0
1.0140845070422537 0.5070422535211268 0
1.0140845070422537 0.5633802816901409 0
1.0140845070422537 0.619718309859155 0
1.0140845070422537 0.6760563380281691 0
1.0140845070422537 0.7323943661971832 0
1.0140845070422537 0.7887323943661974 0
1.0140845070422537 0.8450704225352115 0
1.0140845070422537 0.9014084507042256 0
1.0140845070422537 0.9577464788732397 0
1.0140845070422537 1.0140845070422537 0
0.9577464788732396 1.0140845070422537 0
0.9014084507042255 1.0140845070422537 0
0.8450704225352114 1.0140845070422537 0
0.7887323943661972 1.0140845070422537 0
0.7323943661971831 1.0140845070422537 0
0.676056338028169 1.0140845070422537 0
0.6197183098591549 1.0140845070422537 0
0.5633802816901408 1.0140845070422537 0
0.5070422535211266 1.0140845070422537 0
0.4507042253521126 1.0140845070422537 0
0.3943661971830985 1.0140845070422537 0
0.33802816901408445 1.0140845070422537 0
0.2816901408450704 1.0140845070422537 0
0.2253521126760563 1.0140845070422537 0
0.1690140845070422 1.0140845070422537 0
0.1126760563380281 1.0140845070422537 0
0.056338028169014016 1.0140845070422537 0
-6.938893903907228e-17 1.0140845070422537 0
-6.938893903907228e-17 0.9577464788732396 0
-6.938893903907228e-17 0.9014084507042255 0
-6.938893903907228e-17 0.8450704225352114 0
-6.938893903907228e-17 0.7887323943661972 0
-6.938893903907228e-17 0.7323943661971831 0
-6.938893903907228e-17 0.676056338028169 0
-6.938893903907228e-17 0.6197183098591549 0
-6.938893903907228e-17 0.5633802816901408 0
-6.938893903907228e-17 0.5070422535211266 0
-6.938893903907228e-17 0.4507042253521126 0
-6.938893903907228e-17 0.3943661971830985 0
-6.938893903907228e-17 0.33802816901408445 0
-6.938893903907228e-17 0.2816901408450704 0
-6.938893903907228e-17 0.2253521126760563 0
-6.938893903907228e-17 0.1690140845070422 0
-6.938893903907228e-17 0.1126760563380281 0
-6.938893903907228e-17 0.056338028169014016 0
