0 0 0
0.020202020202020204 0 0
0.04040404040404041 0 0
0.06060606060606061 0 0
0.08080808080808081 0 0
0.10101010101010102 0 0
0.12121212121212123 0 0
0.14141414141414144 0 0
0.16161616161616163 0 0
0.18181818181818182 0 0
0.20202020202020202 0 0
0.2222222222222222 0 0
0.2424242424242424 0 0
0.2626262626262626 0 0
0.2828282828282828 0 0
0.30303030303030304 0 0
0.32323232323232326 0 0
0.3434343434343435 0 0
0.3636363636363637 0 0
0.3838383838383839 0 0
0.40404040404040414 0 0
0.42424242424242437 0 0
0.4444444444444446 0 0
0.4646464646464648 0 0
0.48484848484848503 0 0
0.5050505050505052 0 0
0.5252525252525254 0 0
0.5454545454545456 0 0
0.5656565656565659 0 0
0.5858585858585861 0 0
0.6060606060606063 0 0
0.6262626262626265 0 0
0.6464646464646467 0 0
0.666666666666667 0 0
0.6868686868686872 0 0
0.7070707070707074 0 0
0.7272727272727276 0 0
0.7474747474747478 0 0
0.7676767676767681 0 0
0.7878787878787883 0 0
0.8080808080808085 0 0
0.8282828282828287 0 0
0.848484848484849 0 0
0.8686868686868692 0 0
0.8888888888888894 0 0
0.9090909090909096 0 0
0.9292929292929298 0 0
0.9494949494949501 0 0
0.9696969696969703 0 0
0.9898989898989905 0 0
1.0101010101010106 0 0
1.0101010101010106 0.020202020202020204 0
1.0101010101010106 0.04040404040404041 0
1.0101010101010106 0.06060606060606061 0
1.0101010101010106 0.08080808080808081 0
1.0101010101010106 0.10101010101010102 0
1.0101010101010106 0.12121212121212123 0
1.0101010101010106 0.14141414141414144 0
1.0101010101010106 0.16161616161616163 0
1.0101010101010106 0.18181818181818182 0
1.0101010101010106 0.20202020202020202 0
1.0101010101010106 0.2222222222222222 0
1.0101010101010106 0.2424242424242424 0
1.0101010101010106 0.2626262626262626 0
1.0101010101010106 0.2828282828282828 0
1.0101010101010106 0.30303030303030304 0
1.0101010101010106 0.32323232323232326 0
1.0101010101010106 0.3434343434343435 0
1.0101010101010106 0.3636363636363637 0
1.0101010101010106 0.3838383838383839 0
1.0101010101010106 0.40404040404040414 0
1.0101010101010106 0.42424242424242437 0
1.0101010101010106 0.4444444444444446 0
1.0101010101010106 0.4646464646464648 0
1.0101010101010106 0.48484848484848503 0
1.0101010101010106 0.5050505050505052 0
1.0101010101010106 0.5252525252525254 0
1.0101010101010106 0.5454545454545456 0
1.0101010101010106 0.5656565656565659 0
1.0101010101010106 0.5858585858585861 0
1.0101010101010106 0.6060606060606063 0
1.0101010101010106 0.6262626262626265 0
1.0101010101010106 0.6464646464646467 0
1.0101010101010106 0.666666666666667 0
1.0101010101010106 0.6868686868686872 0
1.0101010101010106 0.7070707070707074 0
1.0101010101010106 0.7272727272727276 0
1.0101010101010106 0.7474747474747478 0
1.0101010101010106 0.7676767676767681 0
1.0101010101010106 0.7878787878787883 0
1.0101010101010106 0.8080808080808085 0
1.0101010101010106 0.8282828282828287 0
1.0101010101010106 0.848484848484849 0
1.0101010101010106 0.8686868686868692 0
1.0101010101010106 0.8888888888888894 0
1.0101010101010106 0.9090909090909096 0
1.0101010101010106 0.9292929292929298 0
1.0101010101010106 0.9494949494949501 0
1.0101010101010106 0.9696969696969703 0
1.0101010101010106 0.9898989898989905 0
1.0101010101010106 1.0101010101010106 0
0.9898989898989904 1.0101010101010106 0
0.9696969696969702 1.0101010101010106 0
0.94949494949495 1.0101010101010106 0
0.9292929292929297 1.0101010101010106 0
0.9090909090909095 1.0101010101010106 0
0.8888888888888893 1.0101010101010106 0
0.8686868686868691 1.0101010101010106 0
0.8484848484848488 1.0101010101010106 0
0.8282828282828286 1.0101010101010106 0
0.8080808080808084 1.0101010101010106 0
0.7878787878787882 1.0101010101010106 0
0.767676767676768 1.0101010101010106 0
0.7474747474747477 1.0101010101010106 0
0.7272727272727275 1.0101010101010106 0
0.7070707070707073 1.0101010101010106 0
0.6868686868686871 1.0101010101010106 0
0.6666666666666669 1.0101010101010106 0
0.6464646464646466 1.0101010101010106 0
0.6262626262626264 1.0101010101010106 0
0.6060606060606062 1.0101010101010106 0
0.585858585858586 1.0101010101010106 0
0.5656565656565657 1.0101010101010106 0
0.5454545454545455 1.0101010101010106 0
0.5252525252525253 1.0101010101010106 0
0.5050505050505051 1.0101010101010106 0
0.48484848484848486 1.0101010101010106 0
0.46464646464646464 1.0101010101010106 0
0.4444444444444444 1.0101010101010106 0
0.4242424242424242 1.0101010101010106 0
0.404040404040404 1.0101010101010106 0
0.38383838383838376 1.0101010101010106 0
0.36363636363636354 1.0101010101010106 0
0.3434343434343433 1.0101010101010106 0
0.3232323232323231 1.0101010101010106 0
0.30303030303030287 1.0101010101010106 0
0.28282828282828265 1.0101010101010106 0
0.26262626262626243 1.0101010101010106 0
0.24242424242424224 1.0101010101010106 0
0.22222222222222204 1.0101010101010106 0
0.20202020202020185 1.0101010101010106 0
0.18181818181818166 1.0101010101010106 0
0.16161616161616146 1.0101010101010106 0
0.14141414141414127 1.0101010101010106 0
0.12121212121212106 1.0101010101010106 0
0.10101010101010086 1.0101010101010106 0
0.08080808080808065 1.0101010101010106 0
0.06060606060606044 1.0101010101010106 0
0.040404040404040234 1.0101010101010106 0
0.02020202020202003 1.0101010101010106 0
0.02020202020202003 0.9898989898989904 0
0.02020202020202003 0.9696969696969702 0
0.02020202020202003 0.94949494949495 0
0.02020202020202003 0.9292929292929297 0
0.02020202020202003 0.9090909090909095 0
0.02020202020202003 0.8888888888888893 0
0.02020202020202003 0.8686868686868691 0
0.02020202020202003 0.8484848484848488 0
0.02020202020202003 0.8282828282828286 0
0.02020202020202003 0.8080808080808084 0
0.02020202020202003 0.7878787878787882 0
0.02020202020202003 0.767676767676768 0
0.02020202020202003 0.7474747474747477 0
0.02020202020202003 0.7272727272727275 0
0.02020202020202003 0.7070707070707073 0
0.02020202020202003 0.6868686868686871 0
0.02020202020202003 0.6666666666666669 0
0.02020202020202003 0.6464646464646466 0
0.02020202020202003 0.6262626262626264 0
0.02020202020202003 0.6060606060606062 0
0.02020202020202003 0.585858585858586 0
0.02020202020202003 0.5656565656565657 0
0.02020202020202003 0.5454545454545455 0
0.02020202020202003 0.5252525252525253 0
0.02020202020202003 0.5050505050505051 0
0.02020202020202003 0.48484848484848486 0
0.02020202020202003 0.46464646464646464 0
0.02020202020202003 0.4444444444444444 0
0.02020202020202003 0.4242424242424242 0
0.02020202020202003 0.404040404040404 0
0.02020202020202003 0.38383838383838376 0
0.02020202020202003 0.36363636363636354 0
0.02020202020202003 0.3434343434343433 0
0.02020202020202003 0.3232323232323231 0
0.02020202020202003 0.30303030303030287 0
0.02020202020202003 0.28282828282828265 0
0.02020202020202003 0.26262626262626243 0
0.02020202020202003 0.24242424242424224 0
0.02020202020202003 0.22222222222222204 0
0.02020202020202003 0.20202020202020185 0
0.02020202020202003 0.18181818181818166 0
0.02020202020202003 0.16161616161616146 0
0.02020202020202003 0.14141414141414127 0
0.02020202020202003 0.12121212121212106 0
0.02020202020202003 0.10101010101010086 0
0.02020202020202003 0.08080808080808065 0
0.02020202020202003 0.06060606060606044 0
0.02020202020202003 0.040404040404040234 0
0.02020202020202003 0.02020202020202003 0
